dat.1 <-
structure(list(Treatment = structure(c(1L, 1L, 1L, 1L, 1L, 1L, 
1L, 1L, 1L, 1L, 1L, 1L, 1L, 1L, 1L, 1L, 1L, 1L, 1L, 1L, 1L, 1L, 
1L, 1L, 2L, 2L, 2L, 2L, 2L, 2L, 2L, 2L, 2L, 2L, 2L, 2L, 2L, 2L, 
2L, 2L, 2L, 2L, 2L, 2L, 2L, 2L, 2L, 2L), .Label = c("Control", 
"Exclusion"), class = "factor"), Plot = structure(c(1L, 1L, 1L, 
1L, 1L, 1L, 1L, 1L, 1L, 1L, 1L, 1L, 2L, 2L, 2L, 2L, 2L, 2L, 2L, 
2L, 2L, 2L, 2L, 2L, 3L, 3L, 3L, 3L, 3L, 3L, 3L, 3L, 3L, 3L, 3L, 
3L, 4L, 4L, 4L, 4L, 4L, 4L, 4L, 4L, 4L, 4L, 4L, 4L), .Label = c("P1", 
"P2", "P3", "P4"), class = "factor"), Dose = structure(c(1L, 
1L, 1L, 1L, 3L, 3L, 3L, 3L, 2L, 2L, 2L, 2L, 1L, 1L, 1L, 1L, 3L, 
3L, 3L, 3L, 2L, 2L, 2L, 2L, 1L, 1L, 1L, 1L, 3L, 3L, 3L, 3L, 2L, 
2L, 2L, 2L, 1L, 1L, 1L, 1L, 3L, 3L, 3L, 3L, 2L, 2L, 2L, 2L), .Label = c("H", 
"L", "M"), class = "factor"), Time = c(1L, 2L, 3L, 4L, 1L, 2L, 
3L, 4L, 1L, 2L, 3L, 4L, 1L, 2L, 3L, 4L, 1L, 2L, 3L, 4L, 1L, 2L, 
3L, 4L, 1L, 2L, 3L, 4L, 1L, 2L, 3L, 4L, 1L, 2L, 3L, 4L, 1L, 2L, 
3L, 4L, 1L, 2L, 3L, 4L, 1L, 2L, 3L, 4L), Resp1 = c(8.1199999999999992, 
20.550000000000001, 27.489999999999998, 44.789999999999999, 20.989999999999998, 
37.539999999999999, 61.460000000000001, 82.209999999999994, 31.73, 
59.079999999999998, 94.540000000000006, 121.17, 8.1400000000000006, 
13.359999999999999, 33.369999999999997, 39.869999999999997, 19.949999999999999, 
42.829999999999998, 62.460000000000001, 81.780000000000001, 32.759999999999998, 
62.350000000000001, 90.219999999999999, 114.03, 21.859999999999999, 
39.829999999999998, 59.530000000000001, 75.590000000000003, 38.57, 
81.25, 124.08, 159.69, 61.159999999999997, 119.84, 175.87, 238.75999999999999, 
18.82, 39.82, 63.299999999999997, 82.290000000000006, 39.509999999999998, 
79.239999999999995, 122.09, 161.66999999999999, 57.93, 117.88, 
181.09, 242.31), Resp2 = c(3.0600000000000001, 25.940000000000001, 
29.850000000000001, 25.390000000000001, 20.309999999999999, 17.620000000000001, 
98.439999999999998, 160.00999999999999, 21.219999999999999, 37.509999999999998, 
119.22, 116.45, 23.93, 28.02, 37.170000000000002, 38.25, 19.73, 
40.520000000000003, 4.8099999999999996, 136.66, 30.699999999999999, 
123.78, 113.87, 76.519999999999996, 23.579999999999998, 28.030000000000001, 
21.32, 90.760000000000005, 30.629999999999999, 83.609999999999999, 
124.09, 112.65000000000001, 39.530000000000001, 110.27, 286.32999999999998, 
54.229999999999997, 28.600000000000001, 39.07, 93.430000000000007, 
60.149999999999999, 45.899999999999999, 88.040000000000006, 84.189999999999998, 
256.33999999999997, 85.239999999999995, 167.90000000000001, 314.49000000000001, 
304.69999999999999)), out.attrs = list(dim = c(Time = 4L, Dose = 3L, 
Plot = 4L), dimnames = list(Time = c("Time=1", "Time=2", "Time=3", 
"Time=4"), Dose = c("Dose=H", "Dose=M", "Dose=L"), Plot = c("Plot=P1", 
"Plot=P2", "Plot=P3", "Plot=P4"))), class = "data.frame", row.names = c(NA, 
-48L))
